# Ground
0 752
48 752
96 752
144 752
192 752
240 752
288 752
336 752
384 752
432 752
480 752
528 752
576 752
624 752
672 752
720 752
768 752
816 752
864 752
912 752
960 752
1008 752
1056 752
1104 752
1152 752
1200 752
1248 752
1296 752
1344 752
1392 752
1440 752
1488 752
1536 752
1584 752
1632 752
1680 752
1728 752
1776 752
1824 752
1872 752
1920 752
1968 752
2016 752
2064 752
2112 752
2160 752
2208 752
2256 752
2304 752
2352 752
2400 752
2448 752
2496 752
2544 752
2592 752
2640 752
2688 752
2736 752
2784 752
2832 752
2880 752
2928 752
2976 752
3024 752
3072 752
3120 752
3168 752
3216 752
3264 752
3312 752
3360 752
3408 752
3456 752
3504 752
3552 752
3600 752
3648 752
3696 752
3744 752
3792 752
3840 752
3888 752
3936 752
3984 752
4032 752
4080 752
4128 752
4176 752
4224 752
4272 752
4320 752
4368 752
4416 752
4464 752
4512 752
4560 752
4608 752
4656 752
4704 752
4752 752
4800 752
4848 752
4896 752
4944 752
4992 752
5040 752
5088 752
5136 752
5184 752
5232 752
5280 752
5328 752
5376 752
5424 752
5472 752
5520 752
5568 752
5616 752
5664 752
5712 752
5760 752
5808 752
5856 752
5904 752
5952 752
6000 752
6048 752
6096 752
6144 752
6192 752
6240 752
6288 752
6336 752
6384 752
6432 752
6480 752
6528 752
6576 752
6624 752
6672 752
6720 752
6768 752
6816 752
6864 752
6912 752
6960 752
7008 752
7056 752
7104 752
7152 752
7200 752
7248 752
7296 752
7344 752
7392 752
7440 752
7488 752

# First floating blocks
384 560
432 560
480 560

# First pipe (2 tall)
672 704
672 656

# Floating blocks
816 512
864 512
912 512

# Second pipe (3 tall)
1104 704
1104 656
1104 608

# Floating block row
1296 464
1344 464
1392 464
1440 464
1488 464
1536 464

# Third pipe (3 tall)
1680 704
1680 656
1680 608

# Fourth pipe (4 tall)
2016 704
2016 656
2016 608
2016 560

# Floating platform
2352 464
2400 464
2448 464
2496 464
2544 464
2592 464

# Staircase going UP to the right (each step: x+48, y-48)
2880 704
2880 656
2880 608
2880 560
2928 704
2928 656
2928 608
2976 704
2976 656
3024 704

# Gap, then staircase going DOWN to the right
3216 704
3264 704
3264 656
3312 704
3312 656
3312 608
3360 704
3360 656
3360 608
3360 560

# Floating blocks
3552 512
3600 512
3648 464
3696 464
3744 512
3792 512

# Pipe near end
3984 704
3984 656
3984 608

# Final staircase UP to the right
4272 704
4272 656
4272 608
4272 560
4320 704
4320 656
4320 608
4368 704
4368 656
4416 704